# Created by Octave 4.4.1, Tue May 05 02:30:56 2020 IST <duskey@Duskey>
# name: theta
# type: matrix
# rows: 5
# columns: 1
 -1.0753107519774818
 0.13089449370094536
 0.9767004762637912
 -0.059832857627637237
 0.02171757946534237


